Eagle	Time	id	x	y	z	R	P	Y
b'eagle1'	4083980.821000	11	0.105110	1.412504	0.070000	0.000000	-0.000000	-2.452282	
b'eagle1'	4083981.523000	11	0.105143	1.412443	0.070000	0.000000	-0.000000	-2.452919	
b'eagle1'	4083982.231000	11	0.105153	1.412549	0.070000	-0.000000	0.000001	-2.452385	
b'eagle1'	4083982.928000	11	0.105111	1.412458	0.070000	-0.000000	0.000001	-2.453021	
b'eagle1'	4083983.627000	11	0.105092	1.412492	0.070000	0.000001	-0.000001	-2.452767	
b'eagle1'	4083984.323000	11	0.105173	1.412476	0.070000	0.000000	-0.000001	-2.454233	
b'eagle1'	4083985.021000	11	0.105099	1.412426	0.070000	0.000000	-0.000000	-2.453017	
b'eagle1'	4083985.721000	11	0.105180	1.412428	0.070000	-0.000000	0.000001	-2.452601	
b'eagle1'	4083986.419000	11	0.105339	1.404989	0.070000	0.000001	-0.000001	-2.452194	
b'eagle1'	4083987.121000	11	0.105814	1.392158	0.070000	0.000000	-0.000001	-2.451062	
b'eagle1'	4083987.822000	11	0.106355	1.378845	0.070000	-0.000000	0.000001	-2.452473	
b'eagle1'	4083988.527000	11	0.106587	1.365651	0.070000	-0.000000	0.000001	-2.451135	
b'eagle1'	4083989.235000	11	0.107213	1.352003	0.070000	-0.000001	-0.000001	-2.448161	
b'eagle1'	4083989.947000	11	0.107750	1.339173	0.070000	-0.000000	0.000001	-2.450882	
b'eagle1'	4083990.654000	11	0.108066	1.326260	0.070000	0.000001	0.000001	-2.451268	
b'eagle1'	4083991.444000	11	0.108614	1.313356	0.070000	-0.000001	-0.000001	-2.452735	
b'eagle1'	4083992.158000	11	0.109150	1.298821	0.070000	0.000000	-0.000000	-2.447501	
b'eagle1'	4083992.948000	11	0.109813	1.285211	0.070000	0.000000	-0.000000	-2.446120	
b'eagle1'	4083993.739000	11	0.110310	1.270720	0.070000	0.000001	-0.000001	-2.447630	
b'eagle1'	4083994.531000	11	0.110722	1.255834	0.070000	-0.000000	0.000001	-2.449759	
b'eagle1'	4083995.252000	11	0.111012	1.240911	0.070000	-0.000000	0.000001	-2.452406	
b'eagle1'	4083995.961000	11	0.111323	1.227535	0.070000	0.000001	-0.000001	-2.449247	
b'eagle1'	4083996.687000	11	0.111535	1.213725	0.070000	-0.000001	0.000001	-2.449187	
b'eagle1'	4083997.476000	11	0.111701	1.200735	0.070000	0.000000	-0.000000	-2.448903	
b'eagle1'	4083998.197000	11	0.112258	1.185894	0.070000	0.000000	-0.000001	-2.448539	
b'eagle1'	4083998.926000	11	0.112560	1.172196	0.070000	0.000001	0.000001	-2.446018	
b'eagle1'	4083999.717000	11	0.112911	1.158327	0.070000	0.000000	-0.000000	-2.446051	
b'eagle1'	4084000.504000	11	0.113185	1.144001	0.070000	0.000000	-0.000001	-2.447517	
b'eagle1'	4084001.291000	11	0.113740	1.129243	0.070000	0.000001	0.000001	-2.447738	
b'eagle1'	4084002.078000	11	0.114539	1.114286	0.070000	0.000000	-0.000000	-2.445121	
b'eagle1'	4084002.865000	11	0.114585	1.099114	0.070000	-0.000001	-0.000001	-2.450139	
b'eagle1'	4084003.588000	11	0.114757	1.084304	0.070000	0.000001	0.000001	-2.449259	
b'eagle1'	4084004.314000	11	0.115120	1.071415	0.070000	-0.000000	0.000001	-2.447048	
b'eagle1'	4084005.034000	11	0.115340	1.057489	0.070000	0.000000	-0.000001	-2.447224	
b'eagle1'	4084005.750000	11	0.115524	1.043440	0.070000	0.000001	0.000001	-2.449525	
b'eagle1'	4084006.473000	11	0.115807	1.030444	0.070000	0.000000	-0.000000	-2.449209	
b'eagle1'	4084007.190000	11	0.116095	1.016867	0.070000	0.000000	-0.000000	-2.446681	
b'eagle1'	4084007.907000	11	0.116472	1.003407	0.070000	0.000001	0.000001	-2.448799	
b'eagle1'	4084008.629000	11	0.117059	0.989322	0.070000	-0.000001	-0.000001	-2.454303	
b'eagle1'	4084009.358000	11	0.117666	0.975680	0.070000	-0.000001	-0.000001	-2.454975	
b'eagle1'	4084010.077000	11	0.118103	0.962065	0.070000	0.000000	-0.000001	-2.456453	
b'eagle1'	4084010.793000	11	0.118464	0.948686	0.070000	-0.000000	0.000001	-2.457194	
b'eagle1'	4084011.515000	11	0.118993	0.934727	0.070000	-0.000001	-0.000001	-2.461684	
b'eagle1'	4084012.235000	11	0.119533	0.921593	0.070000	0.000000	-0.000001	-2.463060	
b'eagle1'	4084012.964000	11	0.120090	0.907734	0.070000	-0.000001	0.000001	-2.466173	
b'eagle1'	4084013.751000	11	0.120751	0.893781	0.070000	-0.000001	-0.000001	-2.473425	
b'eagle1'	4084014.537000	11	0.121627	0.879486	0.070000	-0.000001	-0.000001	-2.475283	
b'eagle1'	4084015.303000	11	0.122691	0.864544	0.070000	0.000001	0.000001	-2.480272	
b'eagle1'	4084016.065000	11	0.123543	0.850106	0.070000	0.000001	-0.000001	-2.490581	
b'eagle1'	4084016.826000	11	0.124794	0.836170	0.070000	0.000000	-0.000000	-2.498250	
b'eagle1'	4084017.589000	11	0.126001	0.822280	0.070000	-0.000000	0.000001	-2.505633	
b'eagle1'	4084018.346000	11	0.127062	0.808727	0.070000	0.000000	-0.000001	-2.513163	
b'eagle1'	4084019.112000	11	0.128292	0.795124	0.070000	0.000000	-0.000001	-2.521024	
b'eagle1'	4084019.870000	11	0.129576	0.781449	0.070000	-0.000000	0.000001	-2.535192	
b'eagle1'	4084020.634000	11	0.131215	0.767469	0.070000	0.000000	-0.000001	-2.547148	
b'eagle1'	4084021.394000	11	0.132481	0.754252	0.070000	-0.000001	0.000001	-2.555530	
b'eagle1'	4084022.157000	11	0.133636	0.740390	0.070000	0.000001	0.000001	-2.574507	
b'eagle1'	4084022.922000	11	0.134429	0.727530	0.070000	-0.000001	-0.000001	-2.582540	
b'eagle1'	4084023.682000	11	0.135597	0.715018	0.070000	0.000000	-0.000000	-2.600163	
b'eagle1'	4084024.450000	11	0.136930	0.702114	0.070000	0.000001	-0.000001	-2.615595	
b'eagle1'	4084025.214000	11	0.138070	0.689862	0.070000	0.000000	-0.000000	-2.626694	
b'eagle1'	4084025.971000	11	0.139329	0.676877	0.070000	-0.000001	0.000001	-2.647699	
b'eagle1'	4084026.729000	11	0.140214	0.664407	0.070000	-0.000000	0.000001	-2.659487	
b'eagle1'	4084027.496000	11	0.140537	0.651348	0.070000	0.000000	-0.000000	-2.674620	
b'eagle1'	4084028.263000	11	0.140791	0.638218	0.070000	-0.000001	0.000001	-2.695035	
b'eagle1'	4084029.023000	11	0.140216	0.624767	0.070000	-0.000001	-0.000001	-2.704071	
b'eagle1'	4084029.786000	11	0.139400	0.612062	0.070000	0.000001	-0.000001	-2.716360	
b'eagle1'	4084030.547000	11	0.137752	0.598110	0.070000	0.000001	-0.000001	-2.727656	
b'eagle1'	4084031.309000	11	0.135752	0.584612	0.070000	-0.000001	-0.000001	-2.734893	
b'eagle1'	4084032.064000	11	0.133071	0.570593	0.070000	0.000000	-0.000001	-2.746957	
b'eagle1'	4084032.824000	11	0.130572	0.556633	0.070000	0.000001	-0.000001	-2.750987	
b'eagle1'	4084033.583000	11	0.127502	0.542721	0.070000	0.000000	-0.000000	-2.759727	
b'eagle1'	4084034.349000	11	0.124052	0.528997	0.070000	-0.000000	0.000001	-2.768629	
b'eagle1'	4084035.108000	11	0.120410	0.515476	0.070000	-0.000000	0.000001	-2.771416	
b'eagle1'	4084035.868000	11	0.116197	0.501069	0.070000	-0.000001	-0.000001	-2.776069	
b'eagle1'	4084036.635000	11	0.111625	0.487338	0.070000	0.000001	-0.000001	-2.776280	
b'eagle1'	4084037.393000	11	0.106357	0.473016	0.070000	-0.000000	0.000001	-2.776705	
b'eagle1'	4084038.149000	11	0.101677	0.459500	0.070000	0.000001	-0.000001	-2.776788	
b'eagle1'	4084038.909000	11	0.097001	0.445863	0.070000	0.000000	-0.000000	-2.781945	
b'eagle1'	4084039.669000	11	0.091942	0.432428	0.070000	-0.000001	0.000001	-2.779742	
b'eagle1'	4084040.437000	11	0.086350	0.418282	0.070000	0.000000	-0.000000	-2.778726	
b'eagle1'	4084041.201000	11	0.080396	0.404906	0.070000	-0.000001	-0.000001	-2.771446	
b'eagle1'	4084041.964000	11	0.074763	0.391129	0.070000	0.000000	-0.000000	-2.773683	
b'eagle1'	4084042.726000	11	0.068947	0.377991	0.070000	-0.000000	0.000001	-2.769166	
b'eagle1'	4084043.491000	11	0.063288	0.364226	0.070000	0.000000	-0.000000	-2.766241	
b'eagle1'	4084044.255000	11	0.056908	0.350929	0.070000	0.000000	-0.000000	-2.760809	
b'eagle1'	4084045.019000	11	0.050758	0.338348	0.070000	-0.000001	-0.000000	-2.753522	
b'eagle1'	4084045.782000	11	0.044210	0.325056	0.070000	0.000000	-0.000001	-2.750302	
b'eagle1'	4084046.572000	11	0.038167	0.311687	0.070000	0.000000	-0.000001	-2.745606	
b'eagle1'	4084047.369000	11	0.031363	0.298046	0.070000	0.000000	-0.000001	-2.739929	
b'eagle1'	4084048.135000	11	0.024800	0.284391	0.070000	0.000000	-0.000000	-2.728523	
b'eagle1'	4084048.897000	11	0.018690	0.271138	0.070000	-0.000000	0.000001	-2.724761	
b'eagle1'	4084049.659000	11	0.012695	0.258199	0.070000	0.000000	-0.000000	-2.715427	
b'eagle1'	4084050.431000	11	0.006333	0.245247	0.070000	0.000000	-0.000001	-2.709594	
b'eagle1'	4084051.195000	11	0.000589	0.232236	0.070000	0.000000	-0.000000	-2.697205	
b'eagle1'	4084051.953000	11	-0.005127	0.219118	0.070000	0.000000	-0.000000	-2.692433	
b'eagle1'	4084052.713000	11	-0.010559	0.206775	0.070000	0.000000	-0.000000	-2.678750	
b'eagle1'	4084053.476000	11	-0.016809	0.193814	0.070000	0.000001	0.000001	-2.672785	
b'eagle1'	4084054.234000	11	-0.022549	0.180736	0.070000	0.000000	-0.000000	-2.659939	
b'eagle1'	4084054.991000	11	-0.028016	0.167570	0.070000	-0.000000	0.000001	-2.654504	
b'eagle1'	4084055.752000	11	-0.033568	0.154459	0.070000	0.000000	-0.000000	-2.639636	
b'eagle1'	4084056.538000	11	-0.039013	0.141877	0.070000	0.000001	0.000001	-2.631049	
b'eagle1'	4084057.315000	11	-0.044586	0.128435	0.070000	0.000000	-0.000000	-2.616957	
b'eagle1'	4084058.088000	11	-0.049610	0.115139	0.070000	-0.000001	0.000001	-2.608639	
b'eagle1'	4084058.869000	11	-0.053789	0.102171	0.070000	-0.000000	0.000001	-2.597180	
b'eagle1'	4084059.652000	11	-0.058913	0.088549	0.070000	0.000000	-0.000000	-2.583199	
b'eagle1'	4084060.435000	11	-0.063779	0.075450	0.070000	-0.000001	0.000001	-2.570400	
b'eagle1'	4084061.221000	11	-0.068548	0.061583	0.070000	0.000000	-0.000000	-2.555904	
b'eagle1'	4084062.003000	11	-0.072673	0.048447	0.070000	-0.000000	0.000001	-2.549506	
b'eagle1'	4084062.790000	11	-0.077561	0.034746	0.070000	0.000000	0.000001	-2.532925	
b'eagle1'	4084063.565000	11	-0.081770	0.021297	0.070000	0.000000	-0.000000	-2.527867	
b'eagle1'	4084064.343000	11	-0.086178	0.007787	0.070000	-0.000000	0.000001	-2.506826	
b'eagle1'	4084065.118000	11	-0.090489	-0.005566	0.070000	0.000001	0.000001	-2.496588	
b'eagle1'	4084065.898000	11	-0.094549	-0.018497	0.070000	0.000000	-0.000000	-2.480220	
b'eagle1'	4084066.675000	11	-0.098098	-0.032874	0.070000	0.000001	-0.000001	-2.468112	
b'eagle1'	4084067.472000	11	-0.101712	-0.045614	0.070000	0.000001	0.000001	-2.454750	
b'eagle1'	4084068.282000	11	-0.105410	-0.059873	0.070000	-0.000001	0.000001	-2.438395	
b'eagle1'	4084069.090000	11	-0.108652	-0.073274	0.070000	-0.000001	-0.000001	-2.425745	
b'eagle1'	4084069.900000	11	-0.111835	-0.087653	0.070000	0.000000	-0.000000	-2.408510	
b'eagle1'	4084070.704000	11	-0.115173	-0.101983	0.070000	0.000001	-0.000001	-2.396250	
b'eagle1'	4084071.512000	11	-0.118136	-0.116132	0.070000	0.000001	-0.000001	-2.384832	
b'eagle1'	4084072.323000	11	-0.120638	-0.130007	0.070000	0.000000	-0.000001	-2.371174	
b'eagle1'	4084073.133000	11	-0.123545	-0.143947	0.070000	-0.000001	0.000001	-2.356480	
b'eagle1'	4084073.944000	11	-0.125722	-0.158507	0.070000	0.000001	-0.000001	-2.340337	
b'eagle1'	4084074.752000	11	-0.127658	-0.172015	0.070000	0.000001	-0.000001	-2.327348	
b'eagle1'	4084075.558000	11	-0.129578	-0.186139	0.070000	0.000000	-0.000001	-2.309330	
b'eagle1'	4084076.369000	11	-0.131139	-0.200614	0.070000	-0.000000	0.000001	-2.294559	
b'eagle1'	4084077.182000	11	-0.132203	-0.214414	0.070000	0.000000	-0.000000	-2.276716	
b'eagle1'	4084077.991000	11	-0.133010	-0.228316	0.070000	0.000001	0.000001	-2.262031	
b'eagle1'	4084078.801000	11	-0.133928	-0.242192	0.070000	0.000000	-0.000000	-2.244489	
b'eagle1'	4084079.609000	11	-0.134557	-0.256752	0.070000	0.000000	-0.000000	-2.230096	
b'eagle1'	4084080.427000	11	-0.135570	-0.270663	0.070000	0.000000	-0.000000	-2.213492	
b'eagle1'	4084081.239000	11	-0.136089	-0.285367	0.070000	0.000000	-0.000000	-2.195314	
b'eagle1'	4084082.048000	11	-0.136239	-0.299159	0.070000	-0.000000	-0.000001	-2.180255	
b'eagle1'	4084082.858000	11	-0.135870	-0.313387	0.070000	-0.000001	0.000001	-2.162710	
b'eagle1'	4084083.662000	11	-0.134618	-0.327921	0.070000	-0.000000	-0.000001	-2.150658	
b'eagle1'	4084084.470000	11	-0.132934	-0.343045	0.070000	0.000000	0.000001	-2.134933	
b'eagle1'	4084085.272000	11	-0.130224	-0.357983	0.070000	0.000001	0.000001	-2.132508	
b'eagle1'	4084086.083000	11	-0.126699	-0.372597	0.070000	0.000000	0.000001	-2.127294	
b'eagle1'	4084086.893000	11	-0.122509	-0.387547	0.070000	0.000001	-0.000000	-2.129707	
b'eagle1'	4084087.680000	11	-0.117912	-0.402895	0.070000	0.000001	-0.000001	-2.123509	
b'eagle1'	4084088.461000	11	-0.113569	-0.417159	0.070000	-0.000000	-0.000001	-2.120121	
b'eagle1'	4084089.241000	11	-0.108704	-0.431472	0.070000	0.000000	-0.000000	-2.115905	
b'eagle1'	4084090.020000	11	-0.103732	-0.445643	0.070000	-0.000000	-0.000001	-2.123733	
b'eagle1'	4084090.751000	11	-0.097805	-0.459281	0.070000	-0.000001	0.000001	-2.129175	
b'eagle1'	4084091.509000	11	-0.092429	-0.472583	0.070000	0.000000	-0.000000	-2.134865	
b'eagle1'	4084092.318000	11	-0.087269	-0.486140	0.070000	-0.000001	0.000001	-2.133653	
b'eagle1'	4084093.047000	11	-0.081578	-0.500585	0.070000	-0.000000	-0.000001	-2.138914	
b'eagle1'	4084093.772000	11	-0.076292	-0.512956	0.070000	0.000001	0.000001	-2.145086	
b'eagle1'	4084094.580000	11	-0.070187	-0.525878	0.070000	0.000000	-0.000000	-2.158115	
b'eagle1'	4084095.383000	11	-0.064235	-0.539576	0.070000	-0.000000	0.000001	-2.167659	
b'eagle1'	4084096.187000	11	-0.058883	-0.553694	0.070000	-0.000001	-0.000001	-2.168899	
b'eagle1'	4084096.992000	11	-0.053564	-0.567329	0.070000	0.000001	-0.000001	-2.173633	
b'eagle1'	4084097.796000	11	-0.047772	-0.581631	0.070000	-0.000000	-0.000001	-2.184907	
b'eagle1'	4084098.600000	11	-0.042084	-0.595733	0.070000	0.000001	-0.000001	-2.198334	
b'eagle1'	4084099.410000	11	-0.036758	-0.609367	0.070000	-0.000001	-0.000001	-2.206655	
b'eagle1'	4084100.212000	11	-0.031799	-0.623737	0.070000	0.000000	-0.000000	-2.212082	
b'eagle1'	4084101.015000	11	-0.026872	-0.637515	0.070000	-0.000001	-0.000001	-2.216755	
b'eagle1'	4084101.820000	11	-0.021810	-0.651611	0.070000	0.000000	-0.000000	-2.224793	
b'eagle1'	4084102.620000	11	-0.016892	-0.665659	0.070000	-0.000001	0.000001	-2.233895	
b'eagle1'	4084103.427000	11	-0.012122	-0.679971	0.070000	0.000000	-0.000000	-2.247125	
b'eagle1'	4084104.230000	11	-0.007432	-0.694453	0.070000	0.000000	-0.000000	-2.253487	
b'eagle1'	4084105.032000	11	-0.003042	-0.708840	0.070000	-0.000001	-0.000001	-2.261601	
b'eagle1'	4084105.835000	11	0.001621	-0.723319	0.070000	0.000000	-0.000000	-2.271229	
b'eagle1'	4084106.638000	11	0.005903	-0.737230	0.070000	0.000000	-0.000000	-2.274898	
b'eagle1'	4084107.441000	11	0.009725	-0.751683	0.070000	0.000000	-0.000000	-2.283973	
b'eagle1'	4084108.243000	11	0.013405	-0.766062	0.070000	0.000000	0.000001	-2.292392	
b'eagle1'	4084109.046000	11	0.017047	-0.780274	0.070000	0.000001	-0.000001	-2.298884	
b'eagle1'	4084109.850000	11	0.021012	-0.794729	0.070000	0.000001	-0.000001	-2.310902	
b'eagle1'	4084110.654000	11	0.024421	-0.809063	0.070000	-0.000001	-0.000001	-2.316605	
b'eagle1'	4084111.484000	11	0.028466	-0.823512	0.070000	-0.000001	-0.000001	-2.326571	
b'eagle1'	4084112.318000	11	0.032249	-0.838441	0.070000	-0.000001	-0.000001	-2.332427	
b'eagle1'	4084113.121000	11	0.035304	-0.853669	0.070000	0.000001	-0.000001	-2.340587	
b'eagle1'	4084113.925000	11	0.038144	-0.868210	0.070000	0.000001	0.000001	-2.348330	
b'eagle1'	4084114.728000	11	0.040801	-0.883126	0.070000	0.000001	-0.000001	-2.352558	
b'eagle1'	4084115.531000	11	0.043605	-0.897732	0.070000	-0.000000	-0.000001	-2.363589	
b'eagle1'	4084116.335000	11	0.046163	-0.912051	0.070000	0.000001	-0.000001	-2.372295	
b'eagle1'	4084117.139000	11	0.049044	-0.926635	0.070000	0.000000	-0.000000	-2.379717	
b'eagle1'	4084117.941000	11	0.051642	-0.941307	0.070000	-0.000001	0.000001	-2.390770	
b'eagle1'	4084118.769000	11	0.054254	-0.955432	0.070000	0.000000	-0.000000	-2.401582	
b'eagle1'	4084119.566000	11	0.057106	-0.970144	0.070000	-0.000001	-0.000001	-2.409062	
b'eagle1'	4084120.367000	11	0.059856	-0.984444	0.070000	0.000001	0.000001	-2.415729	
b'eagle1'	4084121.167000	11	0.062854	-0.998125	0.070000	-0.000001	0.000001	-2.428901	
b'eagle1'	4084121.968000	11	0.060897	-0.993455	0.070000	0.000000	-0.000000	-2.437303	
b'eagle1'	4084122.773000	11	0.056831	-0.987694	0.070000	0.000001	0.000001	-2.457497	
b'eagle1'	4084123.573000	11	0.054227	-0.984494	0.070000	0.000000	-0.000000	-2.472100	
